40
Methanosarcina 0.0000000 2.1299418 1.8076982 1.8076982 1.9304061 2.2336599 1.9606993 1.8410147 1.7850469 1.8410147 1.8034386 1.8019506 1.5884484 1.6690016 1.9057089 3.1330117 1.9351301 2.6311870 2.5968222 2.2300109 2.1201868 2.3091929 2.2228469 2.3925861 2.6527938 2.7856440 2.6410743 2.3575105 2.2049229 2.0926419 1.8619940 1.6128000 1.8493735 1.8483452 1.7731189 1.4575596 1.4644706 1.3482491 1.4776603 1.4816605 
WG43           2.1299418 0.0000000 0.0520750 0.0539064 0.0540954 0.0523114 0.0410444 0.7230538 0.7102815 0.7230538 0.7102171 0.6992317 0.5870716 0.6379441 0.6666939 0.9133771 0.7514461 0.8162954 0.7874590 0.7510404 0.7657595 0.7657595 0.7379898 0.7905049 0.8012986 0.8062270 0.8346781 0.8072579 0.6943541 0.7956110 0.7180861 0.6785722 0.6574431 0.6430792 0.6085700 0.5977491 0.7277660 0.6158733 0.6221799 0.6041841 
WG21           1.8076982 0.0520750 0.0000000 0.0014755 0.0231691 0.0129216 0.0184167 0.7235431 0.7112886 0.7235431 0.7112240 0.7006745 0.5512137 0.5739572 0.6463591 0.8674281 0.6290908 0.7882479 0.7603920 0.6692135 0.6876048 0.7464365 0.6760097 0.7114329 0.7959908 0.7849353 0.8606266 0.7902169 0.6501220 0.7161734 0.6718251 0.6685242 0.6572290 0.6429458 0.6085985 0.5945125 0.6616110 0.5746293 0.6044781 0.6193216 
WG22           1.8076982 0.0539064 0.0014755 0.0000000 0.0247780 0.0145758 0.0200026 0.7315524 0.7191609 0.7315524 0.7190730 0.7084098 0.5573177 0.5802826 0.6541382 0.8789040 0.6358602 0.7978019 0.7695465 0.6765209 0.6950464 0.7548604 0.6833179 0.7192052 0.8054204 0.7943025 0.8729146 0.8005211 0.6571636 0.7240920 0.6791197 0.6772536 0.6656887 0.6509031 0.6156975 0.6015497 0.6742307 0.5810480 0.6113379 0.6266840 
WG481          1.9304061 0.0540954 0.0231691 0.0247780 0.0000000 0.0147553 0.0169254 0.6699718 0.6586083 0.6699718 0.6586763 0.6488848 0.5458423 0.5927283 0.6698429 0.8647711 0.6604821 0.8039897 0.7756026 0.6816081 0.6986131 0.7588685 0.6868183 0.7070725 0.8098241 0.7986999 0.8621096 0.7812818 0.6736369 0.7906930 0.6665065 0.6627244 0.6550232 0.6408446 0.6066728 0.5779427 0.6461942 0.5776121 0.6145658 0.6249220 
WG74           2.2336599 0.0523114 0.0129216 0.0145758 0.0147553 0.0000000 0.0080439 0.8124692 0.7976052 0.8124692 0.7972120 0.7845032 0.6407025 0.6696624 0.6628602 0.8696887 0.7635285 0.7731794 0.7460913 0.7560419 0.7931865 0.7931865 0.7785383 0.8072485 0.7971284 0.7860608 0.8460441 0.7677754 0.7629422 0.8727216 0.7795334 0.6772536 0.6606882 0.6461621 0.6534055 0.6416789 0.8784829 0.6525671 0.6892536 0.6403810 
LL18           1.9606993 0.0410444 0.0184167 0.0200026 0.0169254 0.0080439 0.0000000 0.7345122 0.7219203 0.7345122 0.7218230 0.7109927 0.5866135 0.6110460 0.6685627 0.8816544 0.6871670 0.8022708 0.7739770 0.7032734 0.7358723 0.7738368 0.7232384 0.7451771 0.8267427 0.8154800 0.8586689 0.7991319 0.6783808 0.7842984 0.6851475 0.6864868 0.6695772 0.6545115 0.6188303 0.5966210 0.7097585 0.5775670 0.6192420 0.6171247 
LL24           1.8410147 0.7230538 0.7235431 0.7315524 0.6699718 0.8124692 0.7345122 0.0000000 0.0015145 0.0000010 0.0030330 0.0030318 0.2031016 0.1999208 0.2188539 0.3507016 0.3028877 0.3593358 0.3548758 0.3157840 0.3340692 0.3547463 0.3385352 0.3497966 0.3857021 0.3998113 0.3509098 0.3894095 0.3406217 0.3692606 0.3310930 0.4090591 0.5048020 0.4849320 0.4748294 0.4045336 0.4068575 0.4533011 0.4016088 0.4505545 
LL5            1.7850469 0.7102815 0.7112886 0.7191609 0.6586083 0.7976052 0.7219203 0.0015145 0.0000000 0.0015145 0.0015180 0.0015177 0.2056157 0.2031501 0.2225773 0.3527699 0.3074381 0.3613091 0.3568169 0.3172959 0.3356959 0.3565804 0.3402056 0.3515396 0.3878696 0.4021046 0.3532035 0.3918936 0.3455839 0.3746312 0.3358220 0.4114892 0.5097629 0.4926152 0.4819677 0.4083666 0.4128559 0.4572866 0.4062542 0.4547396 
LL41A          1.8410147 0.7230538 0.7235431 0.7315524 0.6699718 0.8124692 0.7345122 0.0000010 0.0015145 0.0000000 0.0030330 0.0030318 0.2031016 0.1999208 0.2188539 0.3507016 0.3028877 0.3593358 0.3548758 0.3157840 0.3340692 0.3547463 0.3385352 0.3497966 0.3857021 0.3998113 0.3509098 0.3894095 0.3406217 0.3692606 0.3310930 0.4090591 0.5048020 0.4849320 0.4748294 0.4045336 0.4068575 0.4533011 0.4016088 0.4505545 
WG23A          1.8034386 0.7102171 0.7112240 0.7190730 0.6586763 0.7972120 0.7218230 0.0030330 0.0015180 0.0030330 0.0000000 0.0000010 0.2090102 0.2056329 0.2253882 0.3567539 0.3106122 0.3603858 0.3559087 0.3165890 0.3349352 0.3557224 0.3394244 0.3507244 0.3868552 0.4010312 0.3521298 0.3962795 0.3489294 0.3781587 0.3390379 0.4156158 0.5161900 0.4971750 0.4862396 0.4133242 0.4206519 0.4638494 0.4111178 0.4616263 
WG58A          1.8019506 0.6992317 0.7006745 0.7084098 0.6488848 0.7845032 0.7109927 0.0030318 0.0015177 0.0030318 0.0000010 0.0000000 0.2089525 0.2055778 0.2248588 0.3556328 0.3057281 0.3593358 0.3548758 0.3164872 0.3348260 0.3555995 0.3393122 0.3506075 0.3857021 0.3998113 0.3509098 0.3949339 0.3488130 0.3780278 0.3389286 0.4142994 0.5161900 0.4955062 0.4860473 0.4144109 0.4223866 0.4636758 0.4109710 0.4614446 
WG56           1.5884484 0.5870716 0.5512137 0.5573177 0.5458423 0.6407025 0.5866135 0.2031016 0.2056157 0.2031016 0.2090102 0.2089525 0.0000000 0.0521465 0.0572838 0.3554125 0.3394732 0.3263896 0.3222464 0.2812073 0.3039501 0.3222181 0.2882963 0.3083863 0.3383699 0.3436966 0.3447446 0.4045153 0.2817316 0.2569598 0.3460338 0.4768959 0.5290054 0.5182664 0.4981579 0.4706353 0.4092007 0.4885450 0.4628995 0.4808713 
WG16           1.6690016 0.6379441 0.5739572 0.5802826 0.5927283 0.6696624 0.6110460 0.1999208 0.2031501 0.1999208 0.2056329 0.2055778 0.0521465 0.0000000 0.0000010 0.3479596 0.3646515 0.3326717 0.3284645 0.2862631 0.2935692 0.3108985 0.2904869 0.3076815 0.3457272 0.3466850 0.3200660 0.3740548 0.2642550 0.2459891 0.3216199 0.4270056 0.4284300 0.4221225 0.4096865 0.4271081 0.4043991 0.4527809 0.4184876 0.4668869 
LL4            1.9057089 0.6666939 0.6463591 0.6541382 0.6698429 0.6628602 0.6685627 0.2188539 0.2225773 0.2188539 0.2253882 0.2248588 0.0572838 0.0000010 0.0000000 0.3479596 0.4045845 0.3337243 0.3295005 0.3295005 0.3383019 0.3383019 0.3351234 0.3535190 0.3487009 0.3477973 0.3200660 0.3740548 0.2976424 0.2764062 0.3627878 0.4270056 0.4299556 0.4235708 0.4235708 0.4745411 0.4827961 0.5223163 0.4515861 0.4843479 
LL37           3.1330117 0.9133771 0.8674281 0.8789040 0.8647711 0.8696887 0.8816544 0.3507016 0.3527699 0.3507016 0.3567539 0.3556328 0.3554125 0.3479596 0.3479596 0.0000000 0.1563051 0.2475109 0.2438859 0.2438859 0.2779614 0.2779614 0.2634001 0.2686108 0.2609937 0.2734039 0.2740462 0.2932574 0.2976886 0.2771025 0.4526066 0.4501463 0.5114320 0.4831828 0.4831828 0.5232944 0.5131564 0.5815039 0.4684495 0.4801313 
LL13           1.9351301 0.7514461 0.6290908 0.6358602 0.6604821 0.7635285 0.6871670 0.3028877 0.3074381 0.3028877 0.3106122 0.3057281 0.3394732 0.3646515 0.4045845 0.1563051 0.0000000 0.2529185 0.2427756 0.2281481 0.2432879 0.2559848 0.2251234 0.2335801 0.2375271 0.2455234 0.2736927 0.2595210 0.2292681 0.2360481 0.3890381 0.4290760 0.5734328 0.5420069 0.5423348 0.4445539 0.4307424 0.5007448 0.4350220 0.5034884 
LL12           2.6311870 0.8162954 0.7882479 0.7978019 0.8039897 0.7731794 0.8022708 0.3593358 0.3613091 0.3593358 0.3603858 0.3593358 0.3263896 0.3326717 0.3337243 0.2475109 0.2529185 0.0000000 0.0048725 0.0048725 0.0467511 0.0467511 0.0583077 0.0450674 0.0449907 0.0507552 0.1456838 0.1712177 0.2064946 0.2209380 0.4826325 0.4827460 0.5469585 0.5194636 0.5194636 0.4889200 0.6976712 0.6001508 0.5441123 0.5912293 
LL8            2.5968222 0.7874590 0.7603920 0.7695465 0.7756026 0.7460913 0.7739770 0.3548758 0.3568169 0.3548758 0.3559087 0.3548758 0.3222464 0.3284645 0.3295005 0.2438859 0.2427756 0.0048725 0.0000000 0.0000010 0.0412053 0.0412053 0.0525511 0.0395294 0.0394632 0.0451156 0.1456838 0.1712177 0.1975044 0.2115689 0.4655369 0.4708788 0.5270496 0.5012158 0.5012158 0.4708648 0.6540732 0.5787712 0.5249087 0.5700937 
LL41B          2.2300109 0.7510404 0.6692135 0.6765209 0.6816081 0.7560419 0.7032734 0.3157840 0.3172959 0.3157840 0.3165890 0.3164872 0.2812073 0.2862631 0.3295005 0.2438859 0.2281481 0.0048725 0.0000010 0.0000000 0.0378287 0.0392470 0.0481649 0.0364102 0.0393448 0.0451156 0.1456838 0.1712177 0.1798339 0.1920743 0.4065150 0.4708788 0.5270496 0.5012158 0.4829125 0.4262344 0.5293664 0.4997062 0.4838523 0.5481469 
WG58B          2.1201868 0.7657595 0.6876048 0.6950464 0.6986131 0.7931865 0.7358723 0.3340692 0.3356959 0.3340692 0.3349352 0.3348260 0.3039501 0.2935692 0.3383019 0.2779614 0.2432879 0.0467511 0.0412053 0.0378287 0.0000000 0.0000010 0.0184772 0.0168437 0.0199274 0.0165810 0.1432635 0.1586725 0.1687185 0.1854438 0.3757821 0.4456742 0.5135094 0.4888078 0.4715097 0.3898928 0.4701891 0.4636008 0.4320235 0.4869022 
WG40           2.3091929 0.7657595 0.7464365 0.7548604 0.7588685 0.7931865 0.7738368 0.3547463 0.3565804 0.3547463 0.3557224 0.3555995 0.3222181 0.3108985 0.3383019 0.2779614 0.2559848 0.0467511 0.0412053 0.0392470 0.0000010 0.0000000 0.0191554 0.0174246 0.0199274 0.0165810 0.1432635 0.1586725 0.1766463 0.1943837 0.3999771 0.4456742 0.5135094 0.4888078 0.4715097 0.4020124 0.5286763 0.4966582 0.4426391 0.4869022 
WG49           2.2228469 0.7379898 0.6760097 0.6833179 0.6868183 0.7785383 0.7232384 0.3385352 0.3402056 0.3385352 0.3394244 0.3393122 0.2882963 0.2904869 0.3351234 0.2634001 0.2251234 0.0583077 0.0525511 0.0481649 0.0184772 0.0191554 0.0000000 0.0137565 0.0131391 0.0132387 0.1445820 0.1600883 0.1604033 0.1822307 0.3898424 0.4631732 0.5105124 0.4859678 0.4688214 0.4041298 0.4627221 0.4894322 0.4482970 0.5061593 
WG59           2.3925861 0.7905049 0.7114329 0.7192052 0.7070725 0.8072485 0.7451771 0.3497966 0.3515396 0.3497966 0.3507244 0.3506075 0.3083863 0.3076815 0.3535190 0.2686108 0.2335801 0.0450674 0.0395294 0.0364102 0.0168437 0.0174246 0.0137565 0.0000000 0.0081347 0.0048736 0.1410420 0.1533435 0.1628856 0.1899458 0.4095850 0.4883326 0.5487213 0.5210304 0.4967249 0.4319618 0.4984014 0.5105442 0.4815660 0.5369150 
WG34B          2.6527938 0.8012986 0.7959908 0.8054204 0.8098241 0.7971284 0.8267427 0.3857021 0.3878696 0.3857021 0.3868552 0.3857021 0.3383699 0.3457272 0.3487009 0.2609937 0.2375271 0.0449907 0.0394632 0.0393448 0.0199274 0.0199274 0.0131391 0.0081347 0.0000000 0.0065273 0.1350139 0.1506502 0.1772064 0.2020113 0.4584712 0.4709229 0.5394615 0.5125742 0.5093595 0.4588523 0.5970627 0.5763050 0.5022763 0.5447955 
WG44           2.7856440 0.8062270 0.7849353 0.7943025 0.7986999 0.7860608 0.8154800 0.3998113 0.4021046 0.3998113 0.4010312 0.3998113 0.3436966 0.3466850 0.3477973 0.2734039 0.2455234 0.0507552 0.0451156 0.0451156 0.0165810 0.0165810 0.0132387 0.0048736 0.0065273 0.0000000 0.1377059 0.1503624 0.1743475 0.2061449 0.4545211 0.4696748 0.5342510 0.5078195 0.5078195 0.4716251 0.5875094 0.5802206 0.5054149 0.5483872 
WG14           2.6410743 0.8346781 0.8606266 0.8729146 0.8621096 0.8460441 0.8586689 0.3509098 0.3532035 0.3509098 0.3521298 0.3509098 0.3447446 0.3200660 0.3200660 0.2740462 0.2736927 0.1456838 0.1456838 0.1456838 0.1432635 0.1432635 0.1445820 0.1410420 0.1350139 0.1377059 0.0000000 0.0661264 0.1163714 0.1217471 0.5309911 0.4634189 0.5043333 0.4760390 0.4760390 0.4841911 0.6164866 0.5681710 0.4690982 0.5243325 
WG27           2.3575105 0.8072579 0.7902169 0.8005211 0.7812818 0.7677754 0.7991319 0.3894095 0.3918936 0.3894095 0.3962795 0.3949339 0.4045153 0.3740548 0.3740548 0.2932574 0.2595210 0.1712177 0.1712177 0.1712177 0.1586725 0.1586725 0.1600883 0.1533435 0.1506502 0.1503624 0.0661264 0.0000000 0.1493309 0.1642578 0.4924416 0.4358628 0.4610904 0.4383875 0.4383875 0.4810928 0.5284175 0.5305381 0.4393075 0.5182120 
LL14           2.2049229 0.6943541 0.6501220 0.6571636 0.6736369 0.7629422 0.6783808 0.3406217 0.3455839 0.3406217 0.3489294 0.3488130 0.2817316 0.2642550 0.2976424 0.2976886 0.2292681 0.2064946 0.1975044 0.1798339 0.1687185 0.1766463 0.1604033 0.1628856 0.1772064 0.1743475 0.1163714 0.1493309 0.0000000 0.1063476 0.3822864 0.4659268 0.5004198 0.4767045 0.4672855 0.4716009 0.4439475 0.5083488 0.4401539 0.5005590 
WG36           2.0926419 0.7956110 0.7161734 0.7240920 0.7906930 0.8727216 0.7842984 0.3692606 0.3746312 0.3692606 0.3781587 0.3780278 0.2569598 0.2459891 0.2764062 0.2771025 0.2360481 0.2209380 0.2115689 0.1920743 0.1854438 0.1943837 0.1822307 0.1899458 0.2020113 0.2061449 0.1217471 0.1642578 0.1063476 0.0000000 0.3777221 0.4426020 0.4777065 0.4558200 0.4477381 0.4184339 0.3821547 0.4308635 0.4013442 0.4248094 
WG28           1.8619940 0.7180861 0.6718251 0.6791197 0.6665065 0.7795334 0.6851475 0.3310930 0.3358220 0.3310930 0.3390379 0.3389286 0.3460338 0.3216199 0.3627878 0.4526066 0.3890381 0.4826325 0.4655369 0.4065150 0.3757821 0.3999771 0.3898424 0.4095850 0.4584712 0.4545211 0.5309911 0.4924416 0.3822864 0.3777221 0.0000000 0.3240683 0.4649505 0.4438253 0.4248911 0.3409228 0.4023493 0.3770205 0.3569460 0.3811902 
LL1            1.6128000 0.6785722 0.6685242 0.6772536 0.6627244 0.6772536 0.6864868 0.4090591 0.4114892 0.4090591 0.4156158 0.4142994 0.4768959 0.4270056 0.4270056 0.4501463 0.4290760 0.4827460 0.4708788 0.4708788 0.4456742 0.4456742 0.4631732 0.4883326 0.4709229 0.4696748 0.4634189 0.4358628 0.4659268 0.4426020 0.3240683 0.0000000 0.1816492 0.1766307 0.1766307 0.1278181 0.1420376 0.1427157 0.1023167 0.1206676 
LL9            1.8493735 0.6574431 0.6572290 0.6656887 0.6550232 0.6606882 0.6695772 0.5048020 0.5097629 0.5048020 0.5161900 0.5161900 0.5290054 0.4284300 0.4299556 0.5114320 0.5734328 0.5469585 0.5270496 0.5270496 0.5135094 0.5135094 0.5105124 0.5487213 0.5394615 0.5342510 0.5043333 0.4610904 0.5004198 0.4777065 0.4649505 0.1816492 0.0000000 0.0000010 0.0000010 0.1671851 0.1215849 0.1472723 0.1529750 0.1572821 
LL46           1.8483452 0.6430792 0.6429458 0.6509031 0.6408446 0.6461621 0.6545115 0.4849320 0.4926152 0.4849320 0.4971750 0.4955062 0.5182664 0.4221225 0.4235708 0.4831828 0.5420069 0.5194636 0.5012158 0.5012158 0.4888078 0.4888078 0.4859678 0.5210304 0.5125742 0.5078195 0.4760390 0.4383875 0.4767045 0.4558200 0.4438253 0.1766307 0.0000010 0.0000000 0.0000010 0.1671851 0.1215849 0.1424294 0.1473687 0.1522776 
LLX17          1.7731189 0.6085700 0.6085985 0.6156975 0.6066728 0.6534055 0.6188303 0.4748294 0.4819677 0.4748294 0.4862396 0.4860473 0.4981579 0.4096865 0.4235708 0.4831828 0.5423348 0.5194636 0.5012158 0.4829125 0.4715097 0.4715097 0.4688214 0.4967249 0.5093595 0.5078195 0.4760390 0.4383875 0.4672855 0.4477381 0.4248911 0.1766307 0.0000010 0.0000010 0.0000000 0.1628272 0.1185151 0.1396296 0.1464773 0.1473420 
LLX12A         1.4575596 0.5977491 0.5945125 0.6015497 0.5779427 0.6416789 0.5966210 0.4045336 0.4083666 0.4045336 0.4133242 0.4144109 0.4706353 0.4271081 0.4745411 0.5232944 0.4445539 0.4889200 0.4708648 0.4262344 0.3898928 0.4020124 0.4041298 0.4319618 0.4588523 0.4716251 0.4841911 0.4810928 0.4716009 0.4184339 0.3409228 0.1278181 0.1671851 0.1671851 0.1628272 0.0000000 0.0903027 0.0907823 0.0917069 0.0760198 
LL43F          1.4644706 0.7277660 0.6616110 0.6742307 0.6461942 0.8784829 0.7097585 0.4068575 0.4128559 0.4068575 0.4206519 0.4223866 0.4092007 0.4043991 0.4827961 0.5131564 0.4307424 0.6976712 0.6540732 0.5293664 0.4701891 0.5286763 0.4627221 0.4984014 0.5970627 0.5875094 0.6164866 0.5284175 0.4439475 0.3821547 0.4023493 0.1420376 0.1215849 0.1215849 0.1185151 0.0903027 0.0000000 0.0746346 0.0756742 0.0742395 
WG42           1.3482491 0.6158733 0.5746293 0.5810480 0.5776121 0.6525671 0.5775670 0.4533011 0.4572866 0.4533011 0.4638494 0.4636758 0.4885450 0.4527809 0.5223163 0.5815039 0.5007448 0.6001508 0.5787712 0.4997062 0.4636008 0.4966582 0.4894322 0.5105442 0.5763050 0.5802206 0.5681710 0.5305381 0.5083488 0.4308635 0.3770205 0.1427157 0.1472723 0.1424294 0.1396296 0.0907823 0.0746346 0.0000000 0.0853472 0.0597867 
LLX3           1.4776603 0.6221799 0.6044781 0.6113379 0.6145658 0.6892536 0.6192420 0.4016088 0.4062542 0.4016088 0.4111178 0.4109710 0.4628995 0.4184876 0.4515861 0.4684495 0.4350220 0.5441123 0.5249087 0.4838523 0.4320235 0.4426391 0.4482970 0.4815660 0.5022763 0.5054149 0.4690982 0.4393075 0.4401539 0.4013442 0.3569460 0.1023167 0.1529750 0.1473687 0.1464773 0.0917069 0.0756742 0.0853472 0.0000000 0.0478966 
WG26           1.4816605 0.6041841 0.6193216 0.6266840 0.6249220 0.6403810 0.6171247 0.4505545 0.4547396 0.4505545 0.4616263 0.4614446 0.4808713 0.4668869 0.4843479 0.4801313 0.5034884 0.5912293 0.5700937 0.5481469 0.4869022 0.4869022 0.5061593 0.5369150 0.5447955 0.5483872 0.5243325 0.5182120 0.5005590 0.4248094 0.3811902 0.1206676 0.1572821 0.1522776 0.1473420 0.0760198 0.0742395 0.0597867 0.0478966 0.0000000 
